Code,Product,Quantity on Hand,Reserved,Available
126,Wardah Everyday BB Cream Light 15 ml (pc(s)),4,0,4
289,Wardah White Secret Day Cream 17 ml (pc(s)),700,700,0
290,Wardah White Secret Day Cream 30 gr (pc(s)),11356,11356,0
294,Wardah White Secret Facial Wash with AHA 100 ml (Pc(s)),1000,1000,0
624,MAKE OVER Trivia Eye Shadow Emperor Brown 6 g (Pc(s)),10,0,10
778,Emina Cheek Lit Pressed Blush Cherry Blossoms 3.5 gr (Pc(s)),15,0,15
950,Wardah Eye Liner White,1177,0,1177
1295,Malaysia Wardah Eye Brow Brown 1.14 g (Pc(s)),1,0,1
1422,"Wardah Tester Lipstick Exclusive 51 Pink Blush 3,8 gr (Pc(s))",8,0,8
1425,"Wardah Tester Lipstick Exclusive 52 Earthy Brown 3,8 gr (Pc(s))",10,0,10
1427,"Wardah Tester Lipstick Exclusive 53 Queen Red 3,8 gr (Pc(s))",34,0,34
1435,Wardah Tester Lipstick Longlasting 16 Smooth Latte 2.3 g (Pc(s)),12298,120,12178
1440,Wardah Tester Intense Matte Lipstick 13 Yummy Brownie 2.3 g (Pc(s)),8,0,8
1442,Wardah Tester Intense Matte Lipstick 15 Out of Red! 2.3 g (Pc(s)),14923,84,14839
1443,Wardah Tester Intense Matte Lipstick 16 Pecan Pie 2.3 g (Pc(s)),15622,564,15058
1528,Wardah Everyday Fruity Sheer Lip Balm Strawberry 4 g,9216,0,9216
1529,Wardah Everyday Fruity Sheer Lip Balm Grape 4 g,11520,0,11520
1533,Wardah Everyday Cheek and Lip Tint 02 My Baerry! 5.5 g,10,0,10
1689,Wardah Instaperfect MATTE FIT Powder Foundation 13. Beige 13 g,1,1,0
1713,Wardah Lightening Facial Scrub 60 ml,30,30,0
1755,Wardah Instaperfect MATTESETTER Lip Matte Paint 04. VIBE 5.5 g,1,1,0
1759,Wardah Instaperfect MINERALIGHT MATTE BB Cushion 13. BEIGE 15 g,73,1,72
1761,Wardah Instaperfect CITY BLUSH Blusher Click 01. Bliss 5.6 g,151,1,150
1762,Wardah Instaperfect CITY BLUSH Blusher Click 02. Adore 5.6 g,36,0,36
1781,Wardah Scentsation Peaceful Eau De Toilette 35 ml (Pc(s)),6,0,6
1797,Emina Masquerade Face Mask Tea Tree Oil 23 g,30713,0,30713
1802,Wardah Instaperfect DYNAMATIC Microsmooth Liner 0.2 g,1,1,0
1821,Malaysia Wardah Everyday Shine Free BB Loose Powder 8 gr (Pc(s)),288,0,288
1831,Malaysia Wardah Refill Lightening Two Way Cake Light Feel 03 Sheer Pink 12 g,36,0,36
1836,MAKE OVER Multifix Matte Blusher 03 Blush Rush 9 g,7,0,7
1838,MAKE OVER Multifix Matte Blusher 05 Heatshot 9 g,1,0,1
1842,Wardah Instaperfect SPOTLIGHT Chromatic Eye Palette 10 g,1,1,0
1910,Emina Ms. Pimple Acne Solution Face Toner 50 ml,1,0,1
1911,Wardah Instaperfect BROWFESSIONAL 3D Brow Mascara 01. BROWN 5.5 g,1,1,0
1924,Emina Bare With Me Mineral Cushion 04 Mocca 15 g,1814,0,1814
1958,MAKE OVER POWERSTAY Under Eye Perfecting Concealer 20 Light 1.8 ml,2,0,2
1974,Wardah Nature Daily Sheet Mask Rice 20 ml,1,0,1
1992,Emina Bright Stuff Tone Up Cream 20 ml,3,0,3
2005,MAKE OVER Powerstay Demi-Matte Cover Cushion N30 Natural Beige 15 g,2736,0,2736
2078,Wardah Exclusive Blush On 01 Rosy Pink 6.5 g ,1,0,1
2080,Wardah Exclusive Eyeshadow Palette 01 Sunset Brown 10 g,1,0,1
2081,Wardah Exclusive Eyeshadow Palette 02 Rose Glow 10 g,1,0,1
2112,Wardah Colorfit Velvet Matte Lip Mousse 01 Brown Dreamer 4 g,1,0,1
2113,Wardah Colorfit Velvet Matte Lip Mousse 02 Joyful Orange 4 g,10,0,10
2114,Wardah Colorfit Velvet Matte Lip Mousse 03 Rose Ballerina 4 g,10,0,10
2115,Wardah Colorfit Velvet Matte Lip Mousse 04 Pink Sweetheart 4 g,10,0,10
2116,Wardah Colorfit Velvet Matte Lip Mousse 05 Artisan Mauve 4 g,10,0,10
2117,Wardah Colorfit Velvet Matte Lip Mousse 06 Fuchsia Lover 4 g,10,0,10
2118,Wardah Colorfit Velvet Matte Lip Mousse 07 Red Pioneer 4 g,10,0,10
2128,Wardah Lightening Two Way Cake Light Feel 02 Golden Beige 12 g,1750,0,1750
2162,Wardah Colorfit Ultralight Matte Lipstick 02 Summer Peach 3.6 g,10,0,10
2164,Wardah Colorfit Ultralight Matte Lipstick 04 Mocca Brown 3.6 g,10,0,10
2165,Wardah Colorfit Ultralight Matte Lipstick 05 Blossom Pink 3.6 g,2242,0,2242
2168,Wardah Colorfit Ultralight Matte Lipstick 08 Woodsy Brown 3.6 g,10,0,10
2169,Wardah Crystallure Supreme Revitalizing Rich Cream 50 g,35,35,0
2170,Wardah Crystallure Supreme Activating Overnight Cream 50 g,35,35,0
2171,Wardah Crystallure Supreme Advanced Eye Serum 15 ml,5,5,0
2172,Crystallure Supreme Activating Booster Essence 30 ml,35,35,0
2173,Wardah Crystallure Supreme Double Action Micellar Gel 150 ml,3,3,0
2174,Crystallure Supreme Revitalizing Oil Serum 30 ml,35,35,0
2175,Wardah Crystallure Supreme Advanced Hydra Gel 50 g,35,35,0
2182,MAKE OVER Powerstay Transferproof Matte Lip Cream B05 Fired Up 7 g,1,0,1
2183,MAKE OVER Powerstay Transferproof Matte Lip Cream B01 No. 1 7 g,1680,0,1680
2196,MAKE OVER Color Hypnose Creamy Lipmatte 01 Charm 4.3 g,55,0,55
2197,MAKE OVER Color Hypnose Creamy Lipmatte 02 Flirt 4.3 g,55,0,55
2198,MAKE OVER Color Hypnose Creamy Lipmatte 03 Allure 4.3 g,55,0,55
2199,MAKE OVER Color Hypnose Creamy Lipmatte 04 Hypnotic 4.3 g,55,0,55
2200,MAKE OVER Color Hypnose Creamy Lipmatte 05 Scandal 4.3 g,55,0,55
2201,MAKE OVER Color Hypnose Creamy Lipmatte 06 Kiss 4.3 g,70,0,70
2202,MAKE OVER Color Hypnose Creamy Lipmatte 07 Temptation 4.3 g,70,0,70
2203,MAKE OVER Color Hypnose Creamy Lipmatte 08 Addicted 4.3 g,55,0,55
2204,MAKE OVER Color Hypnose Creamy Lipmatte 09 Undercover 4.3 g,70,0,70
2205,MAKE OVER Color Hypnose Creamy Lipmatte 10 Bewitched 4.3 g,70,0,70
2206,MAKE OVER Color Hypnose Creamy Lipmatte 11 Adore 4.3 g,55,0,55
2207,MAKE OVER Color Hypnose Creamy Lipmatte 12 Magnet 4.3 g,55,0,55
2329,MAKE OVER Powerstay Demi-Matte Cover Cushion W30 Creme Beige 15 g,209,0,209
2334,Wardah Lightening Oil-Infused Micellar Water 100 ml,180,130,50
2360,Emina Lip Cushion 03. Get Berry 9 g,50,0,50
2371,Wardah Lightening Powder Foundation Light Feel 03 Sheer Pink 12 g,3456,0,3456
2373,Wardah Lightening Powder Foundation Light Feel 05 Beige 12 g,6,0,6
2374,Wardah Lightening Powder Foundation Light Feel 06 Ivory 12 g,30,30,0
2403,Wardah Lightening Liquid Concealer 01 Light 7 g (Blister),30,30,0
2404,Wardah Lightening Liquid Concealer 02 Beige 7 g (Blister),30,30,0
2413,Wardah Lightening Micellar Gentle Wash 100 ml,30,30,0
2414,Wardah Lightening Day Cream Advanced Niacinamide 30 g,30,30,0
2415,Wardah Lightening Night Cream Advanced Niacinamide 30 g,7614,30,7584
2416,Wardah Lightening Day Cream Advanced Niacinamide 20 mL,53424,0,53424
2418,Wardah Lightening Liquid Foundation 01. Light Beige 25 ml (Blister),30,30,0
2419,Wardah Lightening Liquid Foundation 02. Beige 25 ml (Blister),30,30,0
2427,Wardah Lightening Essence Sheet Mask 20 ml,100,100,0
2428,Wardah Lightening Face Toner 125 ml,160,160,0
2434,Wardah Lightening Gentle Exfoliator 50 ml,12650,0,12650
2459,Wardah Instaperfect Everlast Intense Matte Liquid 01 EXCEPTIONAL 4.2 g,86,80,6
2460,Wardah Instaperfect Everlast Intense Matte Liquid 02 TIMELESS 4.2 g,69,63,6
2461,Wardah Instaperfect Everlast Intense Matte Liquid 03 SURREAL 4.2 g,12,6,6
2463,Wardah Instaperfect Everlast Intense Matte Liquid 05 SPLENDID 4.2 g,17,11,6
2464,Wardah Instaperfect Everlast Intense Matte Liquid 06 AUTHENTIC 4.2 g,11,11,0
2465,Wardah Instaperfect Everlast Intense Matte Liquid 07 EFFORTLESS 4.2 g,8,8,0
2466,Wardah Instaperfect Everlast Intense Matte Liquid 08 DASHING 4.2 g,6,6,0
2468,Emina Aloe Vera Hand Gel 50 ml,331,0,331
2526,Wardah Hydra Rose Gel to Foam Cleanser 100 ml,10,0,10
2808,Kahf Invigorating Waterfall Eau de Toilette 35 ml,5,0,5
2812,Kahf Skin Energizing and Brightening Face Wash 100 ml,5,0,5
2848,Wardah Lightening Face Mist 60 ml,130,130,0
2850,Wardah Colorfit Mattifying Powder 23W Warm Ivory 15 g,80,80,0
2851,Wardah Colorfit Mattifying Powder 32N Neutral Beige 15 g,80,80,0
2852,Wardah Colorfit Mattifying Powder 43W Golden Sand 15 g,67,67,0
2853,Wardah Colorfit Matte Foundation 11C Pink Fair 25 ml,210,210,0
2854,Wardah Colorfit Matte Foundation 22N Light Ivory 25 ml,210,210,0
2855,Wardah Colorfit Matte Foundation 23W Warm Ivory 25 ml,210,210,0
2856,Wardah Colorfit Matte Foundation 32N Neutral Beige 25 ml,49,49,0
2857,Wardah Colorfit Matte Foundation 33W Olive Beige 25 ml,52,52,0
2860,Wardah Colorfit Matte Foundation 52N Almond 25 ml,52,52,0
2861,Wardah Colorfit Velvet Powder Foundation 11C Pink Fair 11 g,90,90,0
2862,Wardah Colorfit Velvet Powder Foundation 22N Light Ivory 11 g,90,90,0
2863,Wardah Colorfit Velvet Powder Foundation 23W Warm Ivory 11 g,90,90,0
2864,Wardah Colorfit Velvet Powder Foundation 32N Neutral Beige 11 g,90,90,0
2865,Wardah Colorfit Velvet Powder Foundation 33W Olive Beige 11 g,17,17,0
2867,Wardah Colorfit Velvet Powder Foundation 42N Neutral Sand 11 g,16,11,5
2868,Wardah Colorfit Velvet Powder Foundation 52N Almond 11 g,6,6,0
2869,Wardah Colorfit Ultralight Matte Lipstick 09 Romantic Namsan 3.6 g,14,0,14
3176,Biodef Natural Protection Mint + Green Tea Body Wash Antiseptik Alami Botol 275 ml,16,0,16
3178,Biodef Natural Protection Mint + Green Tea Hand Wash Antiseptik Alami Botol 250 ml,5,0,5
3183,Biodef Natural Protection Mint + Yuzu Body Wash Antiseptik Alami Pouch 400 ml,5,0,5
3375,Wardah Colorfit Fresh Matte Lip Ink 04 Speedster 4 g,5,0,5
4576,Wardah Hairfall Treatment Shampoo 170 ml,12,0,12
N15,LABORE Sensitive Skin Care NFS BiomeProtect Physical Sunscreen 10 ml,425,0,425
N16,LABORE Sensitive Skin Care NFS BiomeRepair Barrier Revive Cream 10 ml,37,0,37
N24,Kahf NFS Skin Energizing and Brightening Face Wash 8 ml,1,0,1
N88,Sample Pajangan Wardah NFS Refill Lightening Powder Foundation Light Feel 02 Golden Beige 12 g,72,0,72
P1229,Wardah NFS Anti Dandruff Shampoo (sachet) 10 ml ,51,0,51
P1230,Wardah NFS Nutri Shine Shampoo (sachet) 10 ml ,4589,0,4589
P1231,Wardah NFS Hairfall Treatment Shampoo (sachet) 10 ml ,1361,0,1361
P1232,Wardah NFS Daily Fresh Shampoo (sachet) 10 ml ,1,0,1
P1246,Wardah NFS Lightening Sachet Package,150577,0,150577
P1322,"Inner Shirt Emina Uniform, ima no 1 (digital printed fabric) (Pc(s))",11,0,11
P1323,"Pinafore Emina Uniform,manish no 14 full furing (light grey), YKK zipper (Pc(s))",11,0,11
P1338,"Seragam Beauty Advisor Kimono Blouse 2018 Wardah,satin velvet abu-abu (Pc(s))",31,0,31
P1339,"Seragam Beauty Advisor Kimono Blazer 2018 Wardah, Bellini Livina Abu-Abu (Pc(s))",31,0,31
P1340,"Seragam Beauty Advisor Kimono Celana 2018 Wardah,Bellini Millashone Tosca (Pc(s))",31,0,31
P1362,Paper Bag Lebaran 2018 Potrait Wardah (Pc(s)),300,0,300
P1446,Wardah Tester Colek Intense Matte dan Longlasting Lipstick 14 g,3851,2024,1827
P1452,Pin Skin Expert Wardah (Pc(s)),6,0,6
P1459,Wardah NFS Daily Fresh Shampoo 170 ml,1052,0,1052
P1484,"Koin Emina, acrylic 0.5 cm, d=3cm, printing (Pc(s))",50,0,50
P1492,Buku Visit Field Controller Wardah (Pc(s)),12,0,12
P1495,Paper Bag Ramadhan 2019 Besar Wardah (Pc(s),100,0,100
P1501,Box Parcel Kecil Ramadhan 2019 Wardah (Pc(s)),30,0,30
P1505,Emina NFS Bright Stuff Face Wash 15 ml,1823,0,1823
P1506,Paperbag Ramadhan 2019 Kecil (Pc(s)),100,100,0
P1507,Paperbag Wardah 2019 Potrait (Pc(s)),300,0,300
P1508,Paperbag Wardah 2019 Landscape (Pc(s)),300,200,100
P1534,"Map F4 Wardah 2018, AC260, 24x35cm (closed), 4/0, Glossy 1/0, Kantong kanan 21x12cm, 0/0 (Pc(s))",50,0,50
P1542,"Tote Bag Eye Palette Make Over, bahan Printing, Suede, PU Mira, sablon 1 sisi, uk.36x39cm (Pc(s))",10,0,10
P1547,Wardah NFS Lightening Loose Powder 02 Beige 20 g,8098,2,8096
P1587,"Wardah NFS Lightening TWC Light Feel 01 Light Beige 3,7 gr (Pc(s))",2057,0,2057
P1599,Seragam Beauty Advisor Blouse Skin Expert Wardah (Pc(s)),10,0,10
P1600,Seragam Beauty Advisor Blazer Skin Expert Wardah (Pc(s)),10,0,10
P1601,Seragam Beauty Advisor Celana Skin Expert Wardah (Pc(s)),10,0,10
P1602,Seragam Beauty Advisor Kerudung Skin Expert Wardah (Pc(s)),10,0,10
P1614,NFS Perfect Bright Creamy Foam Brightening + Oil Control 15 ml,1060,0,1060
P1617,Wardah NFS Perfect Bright Creamy Foam Brightening + Smoothing 15 ml,77,0,77
P1654,Paper Bag Instaperfect Kecil 2019 Wardah (Pc(s)),6000,0,6000
P1664,Pouch Wardah x NKCTHI,200,0,200
P1665,Totebag Wardah x NKCTHI,600,0,600
P1666,2020 Wardah Crystallure Paper Bag 24x10x24 cm,5000,0,5000
P1668,Malaysia 2020 Wardah Pouch GWP Ramadhan,10,0,10
P1669,Paragon Hand Sanitizer 750 ml (CSR),1935,0,1935
P1672,Paragon Hand Sanitizer 5L (CSR),266,0,266
P1700,2020 Wardah Kipas Tangan Wardah Bright Days Lightening,600,0,600
P1701,2020 Wardah Kipas Tangan Wardah Bright Days Perfect Bright,600,0,600
P1754,Wardah Nature Daily Aloe Hydramild Hand Wash 4 L,10,0,10
P1759,Malaysia Wardah NFS Crystallure Supreme Activating Booster Essence 6 ml,10000,0,10000
P1840,Gift 2020 MO Pouch I Like My Money Make Over,473,0,473
P1843,Gift 2021 Emina Clutch Design Biru,6000,0,6000
P1844,Gift 2021 Emina Clutch Design Kuning,6280,0,6280
P1863,Gift 2021 Wardah Instaperfect Pouch x Cotton Ink         ,637,0,637
P1875,Gift 2021 Foldable bag Ramadan Wardah ,15605,0,15605
P1883,Gift 2021 Wardah Travel Sajadah Ramadhan Wardah        ,14301,0,14301
P1884,Gift 2021 Wardah Kerudung KAMI Idea Ramadhan Wardah,9061,0,9061
P1905,Box Ramadhan Small Size Alpha Wardah. Emailer Box E Flute + AC 210 g. CMYK/1. 200x200x60mm ,3384,0,3384
P1939,2021 Wobbler Testimoni Colorfit Wardah Festive - Independent Store,2,0,2
P2050,Wardah Tester Everyday! Matte Lip Shot,563,0,563
P2073,Malaysia Booklet HydraRose,12000,0,12000
P224,Plastik bag putih Wardah (Pc(s)),13100,1000,12100
P2824,2022 Selongsong Watsons - Make Over,155520,0,155520
P391,Wardah Tester Hand & Body Lotion FLAME 200 ml (Pc(s)),69,23,46
P421,"Kerudung Ceruti Tosca Uk.1,15x1,15cm Wardah, kelim (Pc(s))",27,0,27
P461,"Seragam Beauty Advisor Blazer Abu Bellini Livina Wardah, list tosca (Pc(s))",20,0,20
P462,"Seragam Beauty Advisor Blus Toska Satin Velvet Wardah, tanpa lengan (Pc(s))",20,0,20
P463,Seragam Beauty Advisor Pants Toska Bellini Lexus Wardah (Pc(s)),20,0,20
P487,"Wardah Not For Sale Lightening Two Way Cake Light Feel 02 Golden Beige 3,7 gr (Pc(s))",2439,0,2439
P495,Mangkok Besar Beuaty Clas Wardah (Pc(s)),10,0,10
P496,Mangkok Kecil Beuaty Clas (Cucing) Wardah (Pc(s)),10,0,10
P517,Wardah Tester Container Exclusive Creamy Foundation 02 10 gr (Pc(s)),111,60,51
P522,Wardah Tester Luminous Creamy Foundation Light Feel 02 Light Beige 11 gr (Pc( s)),446,0,446
P526,Wardah Tester Exclusive Liquid Foundation 03 Sandy Beige 20 ml (Pc(s)),400,196,204
P528,Wardah Tester Hand & Body Lotion ETERNAL 200 ml (pc(s)),460,0,460
P531,Wardah Tester ChocoAholic Lip Palette 10 gr (Pc(s)),1243,234,1009
P533,Wardah Tester Container Exclusive Lipstick 23 Ruby Red 3.8 gr (Pc(s)),1,0,1
P534,Wardah Tester Container Exclusive Lipstick 32 Sheer Brown 3.8 gr (Pc(s)),360,204,156
P535,Wardah Tester Container Exclusive Lipstick 34 Sweet Orchid 3.8 gr (Pc(s)),987,132,855
P537,Wardah Tester Container Hydrogloss 02 Autumn Peach 3.8 gr (Pc(s)),2,0,2
P538,Wardah Tester Container Hydrogloss 04 Glazing Plum 3.8 gr (Pc(s)),2,0,2
P540,Wardah Tester Container Hydrogloss 03 Sheer Brown 3.8 gr (Pc(s)),42,0,42
P550,Wardah Tester Container Matte Lipstick 11 Satin Red 3.8 gr (Pc(s)),750,264,486
P554,Wardah Tester Container Wondershine 03 Soft Pink 4.5 ml (Pc(s)),2,0,2
P606,Map Make Over Make Over (Pc(s)),3600,0,3600
P622,Wardah Tester Container Evd Lum Face Powder 01 Light Beige 30 gr (Pc(s)),5099,240,4859
P623,Wardah Tester Container Evd Lum Face Powder 03 Ivory 30 gr (Pc(s)),2506,144,2362
P624,Wardah Tester Container Evd Lum Face Powder 04 Natural 30 gr (Pc(s)),2388,144,2244
P629,Wardah Tester Everyday BB Cream Light 30 ml (Pc(s)),11688,796,10892
P630,Wardah Tester Everyday BB Cream Natural 30 ml (Pc(s)),27596,6196,21400
P631,Wardah Tester Lightening BB Cream Light 30 ml (Pc(s)),10993,832,10161
P632,Wardah Tester Lightening BB Cream Natural 30 ml (Pc(s)),1462,36,1426
P633,Wardah Tester Container Blush On Seri A 4 gr (Pc(s)),2916,120,2796
P634,Wardah Tester Container Blush On Seri B 4 gr (Pc(s)),2199,120,2079
P635,Wardah Tester Container Blush On Seri C 4 gr (Pc(s)),2901,120,2781
P636,Wardah Tester Container Blush On Seri D 4 gr (Pc(s)),2216,360,1856
P653,Wardah Tester Container Exclusive Creamy Foundation 03 10 gr (Pc(s)),184,0,184
P655,Wardah Tester Container Evd Lum Liquid Foundation 03 Beige 40 ml (Pc(s)),4654,336,4318
P656,Wardah Tester Container Evd Lum Liquid Foundation 04 Natural 40 ml (Pc(s)),2741,240,2501
P657,Wardah Tester Container Evd Lum Liquid Foundation 01 Natural White 40 ml (Pc(s)),5002,816,4186
P658,Wardah Tester Exclusive Liquid Foundation 04 Natural 20 ml (Pc(s)),864,0,864
P666,"Wardah Tester Lipstick Orange 04 3,8 gr (Pc(s))",1,0,1
P672,"Wardah Tester Lipstick Exclusive 46 Chic Magenta 3,8 gr (Pc(s))",24,0,24
P806,"Wardah Tester Exclusive Matte Lip Cream 07 Hello, Ruby 4 gr (Pc(s))",85,0,85
P809,Wardah Tester Exclusive Matte Lip Cream 10 Berry Pretty 4 gr (Pc(s)),1161,132,1029
P816,Tester Wardah Olive Oil for Massage 150 ml,400,24,376
P821,Wardah Tester Pinky Peach Lip Palette 10 gr (Pc(s)),3150,390,2760
P832,Wardah Tester Lipstick Longlasting 01 Fabulous Peach 2.3 g (Pc(s)),9,0,9
P833,Wardah Tester Lipstick Longlasting 02 Pink Sorbet 2.3 g (Pc(s)),9715,356,9359
P834,Wardah Tester Lipstick Longlasting 03 Simply Brown 2.3 g (Pc(s)),4,0,4
P835,Wardah Tester Lipstick Longlasting 04 Antique Pink 2.3 g (Pc(s)),15641,680,14961
P836,Wardah Tester Lipstick Longlasting 05 Fuchsia Fever 2.3 g (Pc(s)),2,2,0
P837,Wardah Tester Lipstick Longlasting 06 Delicate Pink 2.3 g (Pc(s)),24674,3200,21474
P838,Wardah Tester Lipstick Longlasting 07 Raspberry Hip 2.3 g (Pc(s)),10822,716,10106
P839,Wardah Tester Lipstick Longlasting 08 Red Velvet 2.3 g (Pc(s)),952,84,868
P840,Wardah Tester Lipstick Longlasting 09 Vibrant Red 2.3 g (Pc(s)),4644,204,4440
P841,Wardah Tester Lipstick Longlasting 10 Stylish Mocca 2.3 g (Pc(s)),9156,728,8428
P842,Wardah Tester Lipstick Longlasting 11 Cherrie Glam 2.3 g (Pc(s)),5148,272,4876
P843,Wardah Tester Lipstick Longlasting 12 Lustrous Red 2.3 g (Pc(s)),5495,2048,3447
P844,Wardah Tester Lipstick Longlasting 13 Classic Brown 2.3 g (Pc(s)),665,36,629
P845,Wardah Tester Lipstick Longlasting 14 Violet Pink 2.3 g (Pc(s)),1087,384,703
P846,Wardah Tester Intense Matte Lipstick 01 Socialite Peach 2.3 g (Pc(s)),2,0,2
P847,Wardah Tester Intense Matte Lipstick 02 Blushing Nude 2.3 g (Pc(s)),1,0,1
P848,Wardah Tester Intense Matte Lipstick 03 Peach Perfect 2.3 g (Pc(s)),4479,200,4279
P849,Wardah Tester Intense Matte Lipstick 04 Mauve Mellow 2.3 g (Pc(s)),3684,284,3400
P850,Wardah Tester Intense Matte Lipstick 05 Easy Brownie 2.3 g (Pc(s)),2767,104,2663
P852,Wardah Tester Intense Matte Lipstick 07 Passionate Pink 2.3 g (Pc(s)),4855,2288,2567
P853,Wardah Tester Intense Matte Lipstick 08 Retro Red 2.3 g (Pc(s)),120,0,120
P854,Wardah Tester Intense Matte Lipstick 09 Vibrant-Red 2.3 g (Pc(s)),10840,284,10556
P855,Wardah Tester Intense Matte Lipstick 10 Miss Terracotta 2.3 g (Pc(s)),21039,1076,19963
P856,Wardah Tester Intense Matte Lipstick 11 Choco Town 2.3 g (Pc(s)),44472,1460,43012
P857,Wardah Tester Intense Matte Lipstick 12 Lady Burgundy 2.3 g (Pc(s)),7296,32,7264
P863,Wardah Tester White Secret Pure Treatment Essence 100 ml (Pc(s)),4710,156,4554
P864,Wardah Tester Renew You Treatment Essence 100 ml (Pc(s)),4493,168,4325
P921,Wardah Tester Container Evd Lum Creamy Foundation Light Feel 02 Light Beige 11 gr (Pc(s)),352,0,352
P922,Wardah Tester Container Evd Lum Creamy Foundation Light Feel 01 Sheer Pink11 gr (Pc(s)),518,90,428
P923,Wardah Tester EyeXpert Aqua Lash Mascara 6 gr,3670,306,3364
P924,Wardah Tester EyeXpert Perfectcurl Mascara 7 gr,6598,408,6190
P930,"Wardah Tester Double Function Kit 4,5 gr (Pc(s))",446,0,446
P931,Wardah Tester EyeXpert Eyeshadow Classic 3.3 gr,4402,120,4282
P932,Wardah Tester EyeXpert Eyeshadow Passionate 3.3 gr,3230,240,2990
P955,Wardah Tester White Secret Day Cream 30 gr (Pc(s)),4227,328,3899
P956,Wardah Tester Renew You Anti Aging Day Cream 30 gr (Pc(s)),21446,1176,20270
P969,Wardah Tester Lightening BB Cake Powder 01 Light 11 gr (Pc(s)),8322,390,7932
P970,Wardah Tester Lightening BB Cake Powder 02 Sheer Pink 11 gr (Pc(s)),7534,498,7036
P971,Wardah Tester Lightening BB Cake Powder 03 Natural 11 gr (Pc(s)),8021,570,7451
P976,Wardah Tester Renew You Anti Aging Night Cream 30 gr (Pc(s)),1093,504,589
T106,"Wardah Tester Lipstick Exclusive 41 Charming Red 3,8 gr (Pc(s))",1,0,1
T108,"Wardah Tester Lipstick Long Lasting 04 Antique Pink 2,5 gr (Pc(s))",192,192,0
T118,"Wardah Tester Lipstick Matte 17 Gorgeous Pink 3,8 gr (Pc(s))",1,0,1
T12,Wardah Tester Container Evd Lum Face Powder 02 Beige 30 gr (Pc(s)),4809,240,4569
T127,"Wardah Tester Lipstick Exclusive 45 Maroon Style 3,8 gr (Pc(s))",1,0,1
T129,"Wardah Tester Lipstick Exclusive 48 Rosemary 3,8 gr (Pc(s))",6,0,6
T130,Wardah Tester Container Exclusive Lipstick 20 Pink Pearl 3.8 gr (Pc(s)),667,252,415
T131,Wardah Tester Container Exclusive Lipstick 21 Orchid Pink 3.8 gr (Pc(s)),28,28,0
T134,Wardah Tester Container Exclusive Lipstick 29 Lavender 3.8 gr (Pc(s)),388,204,184
T135,Wardah Tester Container Exclusive Lipstick 30 Golden Coral 3.8 gr (Pc(s)),13,0,13
T136,Wardah Tester Container Exclusive Lipstick 31 Rose Wood 3.8 gr (Pc(s)),562,336,226
T139,Wardah Tester Container Exclusive Lipstick 36 Sugary Pink 3.8 gr (Pc(s)),6,0,6
T140,Wardah Tester Container Exclusive Lipstick 37 Pink Lovers 3.8 gr (Pc(s)),612,252,360
T144,Wardah Tester Container Exclusive Lipstick 42 Precious Violet 3.8 gr (Pc(s)),741,408,333
T146,Wardah Tester Container Exclusive Lipstick 44 Daring Brown 3.8 gr (Pc(s)),134,0,134
T147,Wardah Tester Container Exclusive Lipstick 45 Maroon Style 3.8 gr (Pc(s)),432,252,180
T149,Wardah Tester Container Exclusive Lipstick 47 Light Rose 3.8 gr (Pc(s)),5,0,5
T150,Wardah Tester Container Exclusive Lipstick 48 Rosemary 3.8 gr (Pc(s)),6,0,6
T151,Wardah Tester Container Lipgloss 3.8 gr (Pc(s)),3,0,3
T154,Wardah Tester Container Matte Lipstick 03 Red 3.8 gr (Pc(s)),1,0,1
T158,Wardah Tester Container Matte Lipstick 07 Dark Violet 3.8 gr (Pc(s)),1,1,0
T159,Wardah Tester Container Matte Lipstick 08 Brown 3.8 gr (Pc(s)),622,228,394
T162,Wardah Tester Container Matte Lipstick 12 Maroon 3.8 gr (Pc(s)),1,0,1
T164,Wardah Tester Container Matte Lipstick 14 Velvety Brown 3.8 gr (Pc(s)),138,84,54
T165,WArdah Tester Container Matte Lipstick 15 Bronze Nude 3.8 gr (Pc(s)),441,36,405
T166,Wardah Tester Container Matte Lipstick 16 Summer Pink 3.8 gr (Pc(s)),16,16,0
T170,Wardah Tester Container Matte Lipstick 20 Nuddish Peach 3.8 gr (Pc(s)),282,120,162
T171,Wardah Tester Container Wondershine 01 Cinnamon Red 4.5 ml (Pc(s)),8,0,8
T193,Wardah Tester Kit Sales/Non BA C (Pc(s)),1942,0,1942
T199,Wardah Tester Seaweed Cleansing Micellar Water 200 ml,22,0,22
T209,"Wardah Tester Lipbalm Strawberry 6,5 gr ",1,0,1
T212,Wardah Tester Roll On For Her 60 ml,394,0,394
T213,Wardah Tester Roll On For Him 60 ml,336,0,336
T216,Wardah Tester Container Evd Lum Two Way Cake 01 Light Beige 12 g ,4780,360,4420
T217,Wardah Tester Container Evd Lum Two Way Cake 02 Beige 12 g ,4240,288,3952
T218,Wardah Tester Container Evd Lum Two Way Cake 03 Ivory 12 g,3991,360,3631
T219,Wardah Tester Container Evd Lum Two Way Cake 04 Light Ivory 12 g ,4070,432,3638
T221,Wardah Tester Container Evd Lum Compact Powder 02 Beige 14 g ,436,0,436
T222,Wardah Tester Container Evd Lum Compact Powder 03 Ivory 14 g ,468,0,468
T223,Wardah Tester Container Evd Lum Compact Powder 04 Natural 14 g ,438,0,438
T225,Wardah Tester Container Lightening Two Way Cake Extra Cover 02 Golden Beige 10 g,15,0,15
T227,Wardah Tester Container Lightening Two Way Cake Extra Cover 04 Natural 10 g,1,0,1
T228,Wardah Tester Container Lightening Two Way Cake Light Feel 01 Light Beige 12 g,5078,0,5078
T230,Wardah Tester Container Lightening Two Way Cake Light Feel 03 Sheer Pink 12 g,2345,0,2345
T232,Wardah Tester Exclusive Matte Lip Cream 13 Fruit Punch 4 gr ,17657,1440,16217
T236,Wardah Tester Hydrating Toner 150 ml ,22,0,22
T237,Wardah Tester Intensive Moisturising Body Serum 100 ml ,363,0,363
T242,Wardah Tester Lipbalm Orange 6.5 g,2,0,2
T243,Wardah Tester Morning Essential Body Moisturizer 100 ml (Pc(s)),459,0,459
T244,Wardah Tester Eyexpert Staylast Gel Eyeliner 2 g,8683,648,8035
T245,Wardah Tester Acne Face Powder 25 gr (Pc(s)),257,18,239
T246,Wardah Tester Body Mist ETERNAL 200 ml (pc(s)),4157,92,4065
T247,Wardah Tester Body Mist FLAME 200 ml (Pc(s)),2107,23,2084
T248,Wardah Tester Body Mist INNOCENCE 200 ml (pc(s)),2914,184,2730
T249,Wardah Tester Body Mist SHINE 200 ml (pc(s)),4059,161,3898
T250,Wardah Tester Body Mist SPARKS 200 ml (pc(s)),540,345,195
T251,"Wardah Tester Eye Shadow H 3,3 gr",5445,40,5405
T252,"Wardah Tester Eye Shadow I 3,3 gr",2797,120,2677
T253,"Wardah Tester Eye Shadow J 3,3 gr",3872,140,3732
T254,"Wardah Tester Eye Shadow K 3,3 gr",3099,220,2879
T255,"Wardah Tester Eye Shadow L 3,3 gr",3034,140,2894
T256,"Wardah Tester Eye Shadow M 3,3 gr",2715,120,2595
T257,"Wardah Tester Eye Shadow N 3,3 gr",5182,140,5042
T258,"Wardah Tester Eye Shadow A 3,3 gr",2128,600,1528
T259,"Wardah Tester Eye Shadow B 3,3 gr",2435,0,2435
T260,"Wardah Tester Eye Shadow D 3,3 gr",3920,140,3780
T261,"Wardah Tester Eye Shadow E 3,3 gr",2456,120,2336
T262,"Wardah Tester Eye Shadow F 3,3 gr",2922,140,2782
T263,"Wardah Tester Eye Shadow G 3,3 gr",4283,140,4143
T266,Wardah Tester Container Evd Lum Liquid Foundation 02 Light Beige 40 ml (Pc(s)),1859,384,1475
T27,"Wardah Tester Eyexpert Staylast Liquid Eyeliner 3,5 gr (Pc(s))",11943,456,11487
T271,Wardah Tester Perfect Red Lip Palette 10 gr (Pc(s)),1773,78,1695
T272,Wardah Tester Exclusive Matte Lip Cream 01 Red-dicted 4 gr (Pc(s)),2,0,2
T273,Wardah Tester Exclusive Matte Lip Cream 02 Fuschionately 4 gr (Pc(s)),2,0,2
T274,Wardah Tester Exclusive Matte Lip Cream 03 See You Latte 4 gr (Pc(s)),2,0,2
T275,Wardah Tester Exclusive Matte Lip Cream 04 Pink Me 4 gr (Pc(s)),145,0,145
T276,Wardah Tester Exclusive Matte Lip Cream 05 Speachless 4 gr (Pc(s)),1176,120,1056
T284,Wardah Tester Soft Body Scrub With Passion Fruit 150 ml,424,12,412
T286,Wardah Pure Olive Oil Tester 50 ml (Pc(s)),391,28,363
T289,Wardah Tester Container Exclusive TWC 04 14 gr (Pc(s)),30,0,30
T290,Wardah Tester Exclusive Matte Lip Cream 14 My Honey Bee 4 gr,21303,1488,19815
T291,Wardah Tester Exclusive Matte Lip Cream 15 Pinky Plumise 4 gr,180,0,180
T292,Wardah Tester Exclusive Matte Lip Cream 16 Heartbeet 4 gr,8,0,8
T293,Wardah Tester Exclusive Matte Lip Cream 17 Rosy Cheek 4 gr,21016,1176,19840
T294,Wardah Tester Exclusive Matte Lip Cream 18 Saturdate Night 4 gr,20,0,20
T297,Wardah Tester EyeXpert Optimum Hi-Black Liner 1 gr (Pc(s)),14051,360,13691
T298,Wardah Tester Renew You Anti Aging Intensive Serum 17 ml (Pc(s)),643,0,643
T299,Wardah Tester White Secret Intense Brightening Essence 17 ml (pc(s)),1019,30,989
T300,Wardah Tester EyeXpert Eye & Lip Makeup Remover 100 ml,14327,1260,13067
T304,Tester Wardah Acne Pore Tightening Toner 100 ml,55,0,55
T306,Wardah Tester White Secret Pure Brightening Cleanser 150 ml Pc(s)),601,96,505
T307,Wardah Tester C-Defense DD Cream Light 20 ml (Pc(s)),30954,14404,16550
T308,Wardah Tester White Secret Exfoliating Lotion 150 ml (Pc(s)),662,96,566
T310,Wardah Tester White Secret Night Cream 30 gr (Pc(s)),5531,336,5195
T311,Wardah TESTER C-Defense Serum 17 ml (Pc(s)),734,30,704
T312,Wardah Tester C-Defense DD Cream Natural 20 ml (Pc(s)),9417,1152,8265
T313,"Wardah Tester Eye Brow Black 1,14 gr (Pc(s))",3544,120,3424
T314,"Wardah Tester Eye Brow Brown 1,14 gr (Pc(s))",3536,120,3416
T315,"Wardah Tester Eye Liner Black 1,14 gr (Pc(s))",3618,90,3528
T317,"Wardah Tester Eye Shadow C 3,3 gr",2945,60,2885
T318,Wardah Tester Exclusive Liquid Foundation 01 Light Beige 20 ml (Pc(s)),336,336,0
T321,Wardah Tester Lipbalm Vanilla 6.5 g,6,0,6
T322,Wardah Tester Nature Daily Witch Hazel Purifying Moisturizer Gel 40 ml,62,0,62
T323,Wardah Tester Nature Daily Aloe Hydramild Moisturizer Cream 40 ml,112,0,112
T324,Wardah Tester Hand & Body Lotion INNOCENCE 200 ml (pc(s)),532,23,509
T327,Wardah Tester Soft Body Scrub With Olive 150 ml,347,24,323
T328,Tester Wardah Sunscreen Gel SPF 30 40 ml,588,30,558
T330,Wardah Tester Nature Daily Witch Hazel Purifying Serum 5 x 5 ml,954,144,810
T331,Wardah Tester Nature Daily Aloe Hydramild Multifunction Gel 100 ml,32,0,32
T332,Wardah Tester Nature Daily Aloe Hydramild Serum 5 x 5ml,709,48,661
T333,"Wardah Tester Eyexpert Staylast Gel Eyeliner 2,3 gr (Pc(s))",1,0,1
T336,Wardah Tester Container Exclusive Creamy Foundation 01 10 gr (Pc(s)),222,0,222
T337,Wardah Tester Container Exclusive Creamy Foundation 04 10 gr (Pc(s)),30,30,0
T338,Wardah Tester Container Excusive Creamy Foundation 05 10 gr (Pc(s)),79,20,59
T339,Wardah Tester Container Evd Lum Creamy Foundation Extra Cover 03 Beige 8.5 gr (Pc(s)),544,0,544
T340,Wardah Tester Container Evd Lum Creamy Foundation Extra Cover 04 Natural 8.5 gr (Pc(s)),570,0,570
T341,Wardah Tester Container Evd Lum Creamy Foundation Light Feel 04 Natural 11 gr (Pc(s)),200,45,155
T346,Wardah Tester Nature Daily Seaweed Balancing Cleanser 150 ml,697,24,673
T347,Wardah Tester Nature Daily Seaweed Balancing Facial Scrub 60 ml,694,36,658
T348,Wardah Tester Nature Daily Seaweed Intensive Night Cream 30 g,84,0,84
T349,Wardah Tester Exclusive Two Way Cake 01 Light Beige 12 g,2405,300,2105
T350,Wardah Tester Exclusive Two Way Cake 02 Sheer Pink 12 g,210,210,0
T351,Wardah Tester Exclusive Two Way Cake 03 Sandy Beige 12 g,254,210,44
T352,Wardah Tester Exclusive Two Way Cake 04 Natural 12 g,360,350,10
T353,Wardah Tester Exclusive Two Way Cake 05 Coffee Beige 12 g,2512,890,1622
T532,Wardah Tester Acnederm Day Moisturizer 40 ml,462,0,462
T533,Wardah Tester Acnederm Acne Spot Treatment Gel 15 ml,84,42,42
T537,Wardah Tester Lightening Two Way Cake Extra Cover 01 Light Beige 10 g,5462,164,5298
T538,Wardah Tester Lightening Two Way Cake Extra Cover 02 Golden Beige 10 g,5626,200,5426
T539,Wardah Tester Lightening Two Way Cake Extra Cover 03 Sheer Pink 10 g,10344,488,9856
T540,Wardah Tester Lightening Two Way Cake Extra Cover 04 Natural 10 g,14538,1028,13510
T541,Wardah Tester Lightening Two Way Cake Light Feel 01 Light Beige 12 g,579,200,379
T542,Wardah Tester Lightening Two Way Cake Light Feel 02 Golden Beige 12 g,8367,632,7735
T543,Wardah Tester Lightening Two Way Cake Light Feel 03 Sheer Pink 12 g,2365,272,2093
T544,Wardah Tester Lightening Two Way Cake Light Feel 04 Natural 12 g,28344,1928,26416
T545,Wardah Tester Lightening Day Cream 30 g,384,240,144
T547,Wardah Tester Lightening Night Cream 30 g,360,240,120
T551,Wardah Tester Perfect Bright Moisturizer SPF 28 20 ml,1115,36,1079
T556,Wardah Tester Lightening Face Toner 150 ml,46,0,46
T558,Wardah Tester Lightening Facial Serum 5x5 ml,144,48,96
T561,Wardah Tester Lightening Milk Cleanser 150 ml,168,120,48
T562,Wardah Tester Everyday Shine Free BB Loose Powder 8 gr (Pc(s)),20,0,20
T568,Wardah Tester Lipstick Longlasting 19 Sunrise Nude 2.3 g,3,0,3
T601,Wardah Tester Instaperfect GLOSS CHIC Lip Crayon 01 Rhythm 2.7 g,2124,252,1872
T620,Wardah Tester Instaperfect GLOSS CHIC Lip Crayon 02 Clue 2.7 g,1411,0,1411
T621,Wardah Tester Instaperfect GLOSS CHIC Lip Crayon 03 Mind 2.7 g,564,372,192
T622,MAKE OVER TESTER Powerstay Total Cover Matte Cream Foundation C62 Rich Cocoa 12 g,890,0,890
T624,MAKE OVER TESTER Powerstay Total Cover Matte Cream Foundation N30 Natural Beige 12 g,890,0,890
T626,MAKE OVER TESTER Powerstay Total Cover Matte Cream Foundation W22 Warm Ivory 12 g,486,120,366
T627,MAKE OVER TESTER Powerstay Total Cover Matte Cream Foundation W33 Honey Beige 12 g,365,0,365
T629,MAKE OVER TESTER Powerstay Total Cover Matte Cream Foundation W52 Warm Tan 12 g,12,0,12
T630,Wardah Tester Colek Colorfit Ultralight Matte Lipstick 3.2 g,17,0,17
T639,Wardah Tester Colek Exclusive Moist dan Matte Lipstick 10.8 g,1323,798,525
T76,Wardah Tester Luminous Liquid Foundation Natural White 40 ml (Pc(s)),256,0,256
T77,Wardah Tester Luminous Creamy Foundation Light Feel 03 Beige 11 gr (Pc(s)),34,0,34
T79,Wardah Tester Exclusive Liquid Foundation 05 Coffee Beige 20 ml (Pc(s)),819,0,819
T80,Wardah Tester Container Evd Lum Creamy Foundation Light Feel 03 Beige 11 gr (Pc(s)),135,45,90
T81,Wardah Tester Exclusive Liquid Foundation 02 Sheer Pink 20 ml (Pc(s)),280,280,0
T85,Wardah Tester Hand & Body Lotion SHINE 200 ml (pc(s)),463,23,440
T86,Wardah Tester Hand & Body Lotion SPARKS 200 ml (pc(s)),521,23,498
T92,"Wardah Tester Lipstick Exclusive Great Berry 35 3,8 gr (Pc(s))",30,0,30
T94,"Wardah Tester Lipstick Exclusive Mango 26 3,8 gr (Pc(s))",21,0,21
